                   mean   median          sd             95% HPD
i                193620   193620 111790.8892          (0,367880)
f                 0.101    0.101      0.0042     (0.0928,0.1092)
phi              0.9998   0.9999       5e-04          (0.9995,1)
logl         -5133.1848 -5130.49     47.0999 (-5211.66,-5049.07)
nImp           523.1008      523      0.4178           (523,524)
meanPrev         0.2239   0.2239       1e-04      (0.2239,0.224)
alpha            0.0089   0.0088      0.0018     (0.0054,0.0122)
beta             0.0302   0.0264       0.022          (0,0.0713)
eps              1.2621    1.149       0.756     (0.0418,2.6916)
nu                  0.1      0.1           0           (0.1,0.1)
mu               1.9349   1.7615      0.9656     (0.4381,3.8255)
E0               0.0148   0.0127      0.0085     (0.0035,0.0309)
TP                 8172     8172           0         (8172,8172)
FN               0.6727        0      4.1954               (0,2)
aacceptrate      0.0715   0.0714      0.0015      (0.071,0.0739)
bacceptrate      0.1203   0.1208      0.0021     (0.1171,0.1219)
cacceptrate      0.0544   0.0546      0.0014     (0.0524,0.0556)
muacceptrate     0.1913   0.1933      0.0053      (0.1836,0.195)
sigmaa           0.0308   0.0308           0     (0.0308,0.0308)
sigmab           0.0864   0.0864           0     (0.0864,0.0864)
sigmac           0.0111   0.0111           0     (0.0111,0.0111)
sigmamu          1.1009   1.1009           0     (1.1009,1.1009)
contralpha     246.4189  245.071     42.3947   (166.619,331.762)
contrbeta      162.7962  144.255    116.6233      (3e-04,380.28)
contrE         353.8877  368.402    122.4666   (110.788,558.176)
contrCrossT    481.8997  483.625     38.4521   (406.121,553.895)
contrEnv        34.7843  32.6148     17.0227    (3.9099,66.9048)
alphaContr       0.3229   0.3212      0.0554      (0.216,0.4314)
betaContr        0.2134   0.1891      0.1528      (1e-04,0.4985)
epsContr         0.4637   0.4828      0.1602     (0.1448,0.7285)
crossContr       0.6315   0.6341      0.0496       (0.536,0.726)
envContr         0.0456   0.0428      0.0223     (0.0051,0.0874)
