                   mean   median          sd            95% HPD
i                252565   252565 145822.8009         (0,479880)
f                0.1009   0.1009      0.0042    (0.0928,0.1091)
phi              0.9998   0.9999       6e-04         (0.9995,1)
logl         -5238.5762 -5235.55     48.8801 (-5318.85,-5154.9)
nImp            525.118      525      0.5619          (525,526)
meanPrev         0.2258   0.2258       1e-04    (0.2258,0.2258)
alpha              0.01   0.0101      0.0025     (0.005,0.0147)
beta             0.0303   0.0294      0.0164     (1e-04,0.0591)
eps              0.2902   0.2314      0.2338    (0.0164,0.6952)
nu                  0.1      0.1           0          (0.1,0.1)
mu               0.5054    0.374      0.4579    (0.0995,1.2897)
E0               0.0638   0.0604      0.0331    (0.0057,0.1212)
TP                 8241     8241           0        (8241,8241)
FN               0.6117        0      4.7725              (0,1)
aacceptrate      0.0544   0.0546      0.0016     (0.0525,0.055)
bacceptrate      0.1258   0.1261      0.0017    (0.1238,0.1266)
cacceptrate      0.0375   0.0375       9e-04     (0.0369,0.038)
muacceptrate      0.244   0.2439      0.0116    (0.2348,0.2481)
sigmaa           0.0431   0.0431           0    (0.0431,0.0431)
sigmab           0.0856   0.0856           0    (0.0856,0.0856)
sigmac           0.0548   0.0548           0    (0.0548,0.0548)
sigmamu             0.2      0.2           0          (0.2,0.2)
contralpha     277.1594 278.4085     63.4597  (151.842,400.184)
contrbeta      164.5887  160.541     86.6604   (0.0248,314.653)
contrE         344.2953 349.0715    107.9573  (129.011,553.601)
contrCrossT    403.9337  404.447     38.5389   (326.35,477.003)
contrEnv       104.9503 101.7765     52.2853   (6.9998,200.985)
alphaContr       0.3526   0.3544      0.0805      (0.19,0.5048)
betaContr        0.2094   0.2043      0.1102     (1e-04,0.4008)
epsContr          0.438    0.444      0.1371    (0.1592,0.6981)
crossContr       0.5139   0.5148      0.0484    (0.4206,0.6099)
envContr         0.1335   0.1296      0.0665    (0.0104,0.2573)
