                   mean   median         sd           95% HPD
i                137380   137380 79320.7101        (0,261030)
f                0.0117   0.0116     0.0015   (0.0088,0.0146)
phi              0.9997   0.9998      4e-04         (0.999,1)
logl         -3309.4224 -3308.31    40.6382  (-3388.35,-3231)
nImp             60.028       60     0.1712           (60,60)
meanPrev         0.1058   0.1058          0   (0.1058,0.1058)
alpha            0.0112   0.0112     0.0013   (0.0086,0.0138)
beta             0.0152   0.0119      0.013         (0,0.041)
eps              0.4054    0.352     0.2561   (0.0192,0.9114)
nu                  0.1      0.1          0         (0.1,0.1)
mu               0.6227   0.5202     0.4166   (0.0421,1.4378)
E0               0.0254   0.0203     0.0237   (0.0028,0.0559)
TP                 3861     3861          0       (3861,3861)
FN               0.2914        0     1.1804             (0,1)
aacceptrate      0.1282   0.1286     0.0024   (0.1266,0.1292)
bacceptrate      0.0699   0.0701     0.0019   (0.0677,0.0715)
cacceptrate       0.065   0.0652     0.0012   (0.0633,0.0659)
muacceptrate      0.347   0.3532     0.0115   (0.3246,0.3584)
sigmaa           0.0074   0.0074          0   (0.0074,0.0074)
sigmab              0.2      0.2          0         (0.2,0.2)
sigmac           0.0125   0.0125          0   (0.0125,0.0125)
sigmamu             0.2      0.2          0         (0.2,0.2)
contralpha     358.3834  360.832    35.9576  (289.02,427.757)
contrbeta        44.039  34.8535     36.519  (0.0034,116.087)
contrE         204.7806  208.149    48.6252 (102.034,295.097)
contrCrossT    201.3966  202.029    22.4643 (157.848,246.163)
contrEnv         47.423  41.4946    31.6977  (1.2907,104.196)
alphaContr       0.5902   0.5948     0.0585    (0.469,0.6951)
betaContr        0.0725   0.0574     0.0601        (0,0.1917)
epsContr         0.3373   0.3432     0.0799   (0.1657,0.4817)
crossContr       0.3317   0.3329     0.0366   (0.2569,0.4005)
envContr         0.0781   0.0683     0.0522    (0.002,0.1717)
