                  mean   median         sd             95% HPD
i               263130   263130 133943.819      (31140,471930)
f                0.055    0.054      0.005       (0.045,0.065)
phi              0.505    0.505      0.013        (0.479,0.53)
logl         -9160.382 -9158.49    190.288 (-9537.73,-8792.28)
nImp           363.062      362     28.942           (306,418)
meanPrev         0.223    0.222      0.005       (0.213,0.232)
alpha             0.01     0.01      0.002       (0.006,0.014)
beta             0.012     0.01       0.01           (0,0.031)
eps              0.861    0.742        0.6            (0,2.01)
nu                 0.1      0.1          0           (0.1,0.1)
mu               3.402    3.179      1.738       (0.103,6.557)
E0                0.01    0.007      0.017       (0.002,0.023)
TP                1490     1490          0         (1490,1490)
FN            1461.316     1461     54.177         (1354,1565)
aacceptrate      0.142    0.142          0       (0.141,0.142)
bacceptrate      0.117    0.117      0.001       (0.117,0.119)
cacceptrate      0.087    0.087      0.001       (0.086,0.088)
muacceptrate      0.19     0.19      0.001       (0.187,0.192)
sigmaa           0.005    0.005          0       (0.005,0.005)
sigmab           0.044    0.044          0       (0.044,0.044)
sigmac           0.001    0.001          0       (0.001,0.001)
sigmamu          2.682    2.682          0       (2.682,2.682)
contralpha     641.284  641.755    114.892   (419.494,868.811)
contrbeta      159.728  130.398    126.392          (0,403.04)
contrE         336.308  331.165    153.673    (33.883,609.099)
contrCrossT    480.701  480.537    108.858     (265.499,692.6)
contrEnv        15.335   11.834     24.101      (0.536,29.138)
alphaContr       0.564    0.564      0.099        (0.373,0.76)
betaContr        0.141    0.115      0.111           (0,0.355)
epsContr         0.295    0.292      0.133       (0.033,0.532)
crossContr       0.423    0.424      0.093       (0.241,0.608)
envContr         0.013     0.01      0.021           (0,0.026)
