                   mean   median          sd             95% HPD
i                216740   216740 125139.2275          (0,411810)
f                0.1049   0.1048      0.0051      (0.095,0.1149)
phi              0.9998   0.9999       7e-04          (0.9995,1)
logl         -4786.5285 -4782.41     46.9523 (-4849.48,-4718.75)
nImp           376.1114      376      0.5327           (376,377)
meanPrev         0.2502   0.2502       2e-04     (0.2502,0.2503)
alpha            0.0081   0.0082      0.0021     (0.0039,0.0119)
beta             0.0572   0.0587       0.021     (0.0141,0.0955)
eps              0.4395   0.2352      0.6042      (2e-04,1.6447)
nu                  0.1      0.1           0           (0.1,0.1)
mu                1.036   0.5372       1.186     (0.0813,3.6876)
E0                0.054   0.0466      0.0455     (0.0029,0.1295)
TP                 9135     9135           0         (9135,9135)
FN                0.919        0      6.2166               (0,2)
aacceptrate      0.0898   0.0898      0.0022     (0.0894,0.0908)
bacceptrate       0.113   0.1138       0.002     (0.1092,0.1145)
cacceptrate       0.077   0.0768      0.0015     (0.0761,0.0775)
muacceptrate     0.5218   0.5182      0.0291     (0.4906,0.5323)
sigmaa           0.0241   0.0241           0     (0.0241,0.0241)
sigmab           0.0735   0.0735           0     (0.0735,0.0735)
sigmac           0.0048   0.0048           0     (0.0048,0.0048)
sigmamu            0.12     0.12           0         (0.12,0.12)
contralpha     216.2315  219.589     51.4746    (113.07,312.307)
contrbeta      327.4873  336.765    117.1983   (84.4777,538.755)
contrE         270.9382  266.467    130.1732    (2.3815,498.173)
contrCrossT    535.3387  537.005     37.1368   (462.898,605.728)
contrEnv        63.0868  54.6935     48.6453     (2e-04,152.505)
alphaContr       0.2654   0.2695       0.063     (0.1386,0.3822)
betaContr         0.402   0.4133      0.1437     (0.1083,0.6652)
epsContr         0.3326   0.3267      0.1598     (0.0135,0.6212)
crossContr       0.6571   0.6593      0.0451     (0.5698,0.7435)
envContr         0.0775   0.0672      0.0597          (0,0.1872)
