                   mean   median          sd             95% HPD
i                185520   185520 107114.3521          (0,352490)
f                0.0513   0.0512      0.0031     (0.0453,0.0573)
phi              0.9998   0.9999       4e-04          (0.9993,1)
logl         -4368.4144 -4366.56     42.4127 (-4448.63,-4287.93)
nImp           266.0842      266       0.333           (266,267)
meanPrev         0.1608   0.1608       1e-04     (0.1608,0.1608)
alpha            0.0154   0.0153      0.0012      (0.013,0.0178)
beta             0.0294   0.0293      0.0169           (0,0.057)
eps             62.8967  52.4119     50.6535    (0.0012,159.764)
nu                  0.1      0.1           0           (0.1,0.1)
mu             237.2004  219.856    106.7752   (13.3484,455.371)
E0                1e-04    1e-04       6e-04           (0,2e-04)
TP                 5871     5871           0         (5871,5871)
FN                0.427        0      2.1243               (0,1)
aacceptrate      0.0435   0.0437       8e-04     (0.0424,0.0441)
bacceptrate      0.1019   0.1016      0.0015     (0.1009,0.1044)
cacceptrate      0.0431   0.0432       7e-04     (0.0425,0.0434)
muacceptrate     0.9836   0.9861      0.0196     (0.9758,0.9897)
sigmaa           0.0435   0.0435           0     (0.0435,0.0435)
sigmab             0.12     0.12           0         (0.12,0.12)
sigmac           0.0376   0.0376           0     (0.0376,0.0376)
sigmamu               1        1           0               (1,1)
contralpha     463.3063  462.808      28.972   (407.028,520.945)
contrbeta      124.9085  125.602     70.3988       (0.069,237.3)
contrE         112.7566  109.065     68.8244     (0.003,226.634)
contrCrossT    233.0767  233.599     28.2126   (175.189,285.878)
contrEnv         4.5885   4.4309      2.8235      (1e-04,9.2492)
alphaContr        0.661   0.6601      0.0402     (0.5825,0.7407)
betaContr        0.1781   0.1795      0.1003      (1e-04,0.3379)
epsContr         0.1609   0.1554      0.0982          (0,0.3233)
crossContr       0.3325   0.3332      0.0399      (0.254,0.4106)
envContr         0.0065   0.0063       0.004          (0,0.0132)
