                   mean   median         sd             95% HPD
i                264990   264990 152996.378          (0,503490)
f                0.1018   0.1017      0.005     (0.0921,0.1116)
phi              0.9994   0.9996      6e-04          (0.9982,1)
logl         -3562.0879 -3560.87    42.2397 (-3646.29,-3481.22)
nImp           371.2461      371     0.5288           (371,372)
meanPrev         0.1888   0.1888      5e-04     (0.1878,0.1898)
alpha            0.0091    0.009     0.0012     (0.0066,0.0114)
beta             0.0231   0.0235     0.0126          (0,0.0432)
eps            260.1118  179.526   262.6369    (0.0245,785.798)
nu                  0.1      0.1          0           (0.1,0.1)
mu            1651.4012  1367.37  1197.0625    (44.782,4020.52)
E0                    0        0          0           (0,1e-04)
TP                 2428     2428          0         (2428,2428)
FN               0.4606        0     0.7785               (0,2)
aacceptrate      0.1186   0.1185     0.0016     (0.1178,0.1202)
bacceptrate      0.0772   0.0777     0.0014     (0.0747,0.0782)
cacceptrate      0.0706   0.0706      8e-04     (0.0694,0.0711)
muacceptrate      0.379   0.3788      0.007     (0.3725,0.3846)
sigmaa           0.0081   0.0081          0     (0.0081,0.0081)
sigmab           0.1205   0.1205          0     (0.1205,0.1205)
sigmac           0.0051   0.0051          0     (0.0051,0.0051)
sigmamu         1285.88  1285.88          0   (1285.88,1285.88)
contralpha     265.1779  264.482     30.681    (205.108,325.23)
contrbeta      112.2172  115.247    59.8486    (0.1199,205.884)
contrE          83.7612  76.2921    56.9129    (0.0152,185.475)
contrCrossT    191.3396  191.776    30.0921   (131.351,248.899)
contrEnv         4.6389   4.1632     3.2509     (2e-04,10.5365)
alphaContr        0.575   0.5736     0.0653     (0.4491,0.7049)
betaContr        0.2433   0.2501     0.1296      (5e-04,0.4463)
epsContr         0.1816   0.1654     0.1233          (0,0.4013)
crossContr       0.4149   0.4162     0.0645     (0.2908,0.5431)
envContr         0.0101    0.009      0.007          (0,0.0229)
