                   mean   median         sd             95% HPD
i                 91585    91585 52880.9545          (0,174020)
f                0.0513   0.0512     0.0031     (0.0453,0.0574)
phi              0.9997   0.9998      6e-04          (0.9991,1)
logl         -4370.0778 -4366.57    45.7594 (-4456.16,-4290.39)
nImp           266.1003      266     0.5603           (266,267)
meanPrev         0.1608   0.1608      1e-04     (0.1608,0.1609)
alpha            0.0153   0.0153     0.0013     (0.0126,0.0177)
beta             0.0286   0.0283     0.0167          (0,0.0559)
eps              4.8563   3.5485     4.6574    (0.0014,14.6333)
nu                  0.1      0.1          0           (0.1,0.1)
mu              18.0586  15.3599    12.4568    (0.3901,42.4368)
E0               0.0019    0.001     0.0042      (2e-04,0.0054)
TP                 5871     5871          0         (5871,5871)
FN               0.8898        0     3.5964               (0,4)
aacceptrate      0.0252   0.0251      0.002     (0.0238,0.0255)
bacceptrate      0.1016   0.1013     0.0016        (0.1,0.1042)
cacceptrate       0.025   0.0247     0.0016      (0.0242,0.026)
muacceptrate     0.7284   0.7344     0.0238     (0.6835,0.7416)
sigmaa           0.0832   0.0832          0     (0.0832,0.0832)
sigmab             0.12     0.12          0         (0.12,0.12)
sigmac           0.1206   0.1206          0     (0.1206,0.1206)
sigmamu               2        2          0               (2,2)
contralpha     462.2027  461.187    30.2214   (404.241,522.246)
contrbeta      121.4238 121.7825    69.4574     (0.042,231.863)
contrE         116.8363  114.583     70.064    (0.2638,231.307)
contrCrossT    233.1395 233.8485    28.6453   (174.486,287.773)
contrEnv         5.1206     4.76     4.3075       (0.001,9.934)
alphaContr       0.6598   0.6588     0.0418       (0.579,0.744)
betaContr        0.1733   0.1737      0.099      (1e-04,0.3309)
epsContr         0.1669   0.1636     0.1001          (0,0.3306)
crossContr       0.3328   0.3339     0.0407     (0.2497,0.4107)
envContr         0.0073   0.0068     0.0062          (0,0.0142)
